,Player,TEAM,AGE,GP,W,L,MIN,FGM,FGA,FG%,3PM,3PA,3P%,FTM,FTA,FT%,OREB,DREB,REB,AST,TOV,STL,BLK,PF,DD2,TD3,PTS,+/-
0,Al-Farouq Aminu,POR,25.0,53.0,26.0,27.0,29.4,9.2,3.8,40.9,1.5,4.2,35.0,1.4,2.0,71.2,1.2,5.2,6.4,1.5,0.9,1.6,0.7,2.2,7.0,0.0,10.4,1.0
1,Allen Crabbe,POR,23.0,52.0,25.0,27.0,26.1,9.2,4.4,47.7,1.4,3.7,37.5,1.2,1.3,87.1,0.3,2.4,2.7,1.2,0.9,0.9,0.2,2.6,0.0,0.0,11.3,-0.2
2,CJ McCollum,POR,24.0,51.0,26.0,25.0,35.1,18.3,8.1,44.3,2.4,6.2,39.2,2.2,2.7,79.7,0.6,3.0,3.6,4.3,1.2,2.4,0.3,2.4,2.0,0.0,20.8,2.0
3,Chris Kaman,POR,33.0,8.0,6.0,2.0,8.0,3.5,1.3,35.7,0.0,0.1,0.0,0.0,0.0,0.0,0.4,0.8,1.1,0.6,0.0,0.6,0.0,0.8,0.0,0.0,2.5,-3.6
4,Cliff Alexander,POR,20.0,7.0,2.0,5.0,4.5,1.4,0.7,50.0,0.0,0.0,0.0,0.0,0.0,0.0,0.3,0.6,0.9,0.0,0.1,0.1,0.3,0.0,0.0,0.0,1.4,0.3
5,Damian Lillard,POR,25.0,46.0,22.0,24.0,36.1,19.7,8.2,41.8,2.9,8.0,36.3,4.8,5.6,86.3,0.7,3.7,4.4,7.3,0.9,3.3,0.3,2.3,13.0,0.0,24.2,1.2
6,Ed Davis,POR,26.0,52.0,25.0,27.0,21.4,4.3,2.6,60.8,0.0,0.0,0.0,1.5,2.7,55.3,2.9,4.3,7.2,1.1,0.6,0.7,0.7,2.5,8.0,0.0,6.7,0.2
7,Gerald Henderson,POR,28.0,44.0,22.0,22.0,17.7,6.6,2.8,42.4,0.7,1.9,37.8,1.3,1.7,75.3,0.4,2.3,2.7,1.0,0.4,0.8,0.3,0.9,0.0,0.0,7.5,0.4
8,Luis Montero,POR,22.0,7.0,2.0,5.0,3.3,1.9,0.7,38.5,0.1,0.7,20.0,0.3,0.3,100.0,0.0,0.3,0.3,0.1,0.0,0.3,0.0,0.1,0.0,0.0,1.9,-0.9
9,Mason Plumlee,POR,25.0,53.0,26.0,27.0,25.7,6.6,3.4,50.9,0.0,0.0,0.0,2.4,3.8,61.6,2.6,5.1,7.7,2.6,0.8,1.9,1.1,3.1,13.0,0.0,9.1,-0.2
10,Maurice Harkless,POR,22.0,51.0,24.0,27.0,17.0,4.3,2.0,46.4,0.4,1.6,27.5,0.6,1.2,54.1,1.0,2.0,3.0,0.8,0.5,0.9,0.4,1.2,1.0,0.0,5.1,-1.4
11,Meyers Leonard,POR,23.0,46.0,24.0,22.0,23.1,7.6,3.4,44.2,1.4,4.1,34.6,0.6,0.8,74.3,0.9,4.1,5.0,1.6,0.2,1.3,0.3,3.0,2.0,0.0,8.7,1.3
12,Noah Vonleh,POR,20.0,50.0,24.0,26.0,16.0,3.5,1.5,42.9,0.1,0.5,16.0,0.5,0.6,81.3,1.3,2.8,4.1,0.5,0.5,0.6,0.3,2.0,0.0,0.0,3.6,-1.3
13,Pat Connaughton,POR,23.0,20.0,9.0,11.0,2.9,1.0,0.2,20.0,0.1,0.5,22.2,0.1,0.1,100.0,0.3,0.5,0.7,0.2,0.1,0.3,0.0,0.2,0.0,0.0,0.6,-0.5
14,Tim Frazier,POR,25.0,34.0,18.0,16.0,8.0,1.8,0.6,33.3,0.1,0.5,17.6,0.2,0.4,53.3,0.3,0.8,1.1,1.2,0.3,0.8,0.0,0.9,0.0,0.0,1.5,-0.5
